POSE0 0 0 0 0 0 0 0 0 0 0 0 0 0 0 0 0
POSE1 0 0 0 0 0 0 0 0 0 0 0 0 0 0 0 0
POSE2 0 0 0 0 0 0 0 0 0 0 0 0 0 0 0 0
POSE3 0 0 0 0 0 0 0 0 0 0 0 0 0 0 0 0
POSE4 0 0 0 0 0 0 0 0 0 0 0 0 0 0 0 0
POSE5 0 0 0 0 0 0 0 0 0 0 0 0 0 0 0 0
POSE6 0 0 0 0 0 0 0 0 0 0 0 0 0 0 0 0
POSE7 0 0 0 0 0 0 0 0 0 0 0 0 0 0 0 0
POSE8 0 0 0 0 0 0 0 0 0 0 0 0 0 0 0 0
POSE9 0 0 0 0 0 0 0 0 0 0 0 0 0 0 0 0
POSE10 0 0 0 0 0 0 0 0 0 0 0 0 0 0 0 0
POSE11 0 0 0 0 0 0 0 0 0 0 0 0 0 0 0 0
POSE12 0 0 0 0 0 0 0 0 0 0 0 0 0 0 0 0
POSE13 0 0 0 0 0 0 0 0 0 0 0 0 0 0 0 0
POSE14 0 0 0 0 0 0 0 0 0 0 0 0 0 0 0 0
POSE15 0 0 0 0 0 0 0 0 0 0 0 0 0 0 0 0
POSE16 0 0 0 0 0 0 0 0 0 0 0 0 0 0 0 0
POSE17 0 0 0 0 0 0 0 0 0 0 0 0 0 0 0 0
POSE18 0 0 0 0 0 0 0 0 0 0 0 0 0 0 0 0
POSE19 0 0 0 0 0 0 0 0 0 0 0 0 0 0 0 0
POSE20 0 0 0 0 0 0 0 0 0 0 0 0 0 0 0 0
POSE21 0 0 0 0 0 0 0 0 0 0 0 0 0 0 0 0
POSE22 0 0 0 0 0 0 0 0 0 0 0 0 0 0 0 0
POSE23 0 0 0 0 0 0 0 0 0 0 0 0 0 0 0 0
POSE24 0 0 0 0 0 0 0 0 0 0 0 0 0 0 0 0
POSE25 0 0 0 0 0 0 0 0 0 0 0 0 0 0 0 0
POSE26 0 0 0 0 0 0 0 0 0 0 0 0 0 0 0 0
POSE27 0 0 0 0 0 0 0 0 0 0 0 0 0 0 0 0
POSE28 0 0 0 0 0 0 0 0 0 0 0 0 0 0 0 0
POSE29 0 0 0 0 0 0 0 0 0 0 0 0 0 0 0 0
POSE30 0 0 0 0 0 0 0 0 0 0 0 0 0 0 0 0
POSE31 0 0 0 0 0 0 0 0 0 0 0 0 0 0 0 0
POSE32 0 0 0 0 0 0 0 0 0 0 0 0 0 0 0 0
POSE33 0 0 0 0 0 0 0 0 0 0 0 0 0 0 0 0
POSE34 0 0 0 0 0 0 0 0 0 0 0 0 0 0 0 0
POSE35 0 0 0 0 0 0 0 0 0 0 0 0 0 0 0 0
POSE36 0 0 0 0 0 0 0 0 0 0 0 0 0 0 0 0
POSE37 0 0 0 0 0 0 0 0 0 0 0 0 0 0 0 0
POSE38 0 0 0 0 0 0 0 0 0 0 0 0 0 0 0 0
POSE39 0 0 0 0 0 0 0 0 0 0 0 0 0 0 0 0
POSE40 0 0 0 0 0 0 0 0 0 0 0 0 0 0 0 0
POSE41 0 0 0 0 0 0 0 0 0 0 0 0 0 0 0 0
POSE42 0 0 0 0 0 0 0 0 0 0 0 0 0 0 0 0
POSE43 0 0 0 0 0 0 0 0 0 0 0 0 0 0 0 0
POSE44 0 0 0 0 0 0 0 0 0 0 0 0 0 0 0 0
POSE45 0 0 0 0 0 0 0 0 0 0 0 0 0 0 0 0
POSE46 0 0 0 0 0 0 0 0 0 0 0 0 0 0 0 0
POSE47 0 0 0 0 0 0 0 0 0 0 0 0 0 0 0 0
POSE48 0 0 0 0 0 0 0 0 0 0 0 0 0 0 0 0
POSE49 0 0 0 0 0 0 0 0 0 0 0 0 0 0 0 0
POSE50 0 0 0 0 0 0 0 0 0 0 0 0 0 0 0 0
POSE51 0 0 0 0 0 0 0 0 0 0 0 0 0 0 0 0
POSE52 0 0 0 0 0 0 0 0 0 0 0 0 0 0 0 0
POSE53 0 0 0 0 0 0 0 0 0 0 0 0 0 0 0 0
POSE54 0 0 0 0 0 0 0 0 0 0 0 0 0 0 0 0
POSE55 0 0 0 0 0 0 0 0 0 0 0 0 0 0 0 0
POSE56 0 0 0 0 0 0 0 0 0 0 0 0 0 0 0 0
POSE57 0 0 0 0 0 0 0 0 0 0 0 0 0 0 0 0
POSE58 0 0 0 0 0 0 0 0 0 0 0 0 0 0 0 0
POSE59 0 0 0 0 0 0 0 0 0 0 0 0 0 0 0 0
POSE60 0 0 0 0 0 0 0 0 0 0 0 0 0 0 0 0
POSE61 0 0 0 0 0 0 0 0 0 0 0 0 0 0 0 0
POSE62 0 0 0 0 0 0 0 0 0 0 0 0 0 0 0 0
POSE63 0 0 0 0 0 0 0 0 0 0 0 0 0 0 0 0
POSE64 0 0 0 0 0 0 0 0 0 0 0 0 0 0 0 0
POSE65 0 0 0 0 0 0 0 0 0 0 0 0 0 0 0 0
POSE66 0 0 0 0 0 0 0 0 0 0 0 0 0 0 0 0
POSE67 0 0 0 0 0 0 0 0 0 0 0 0 0 0 0 0
POSE68 0 0 0 0 0 0 0 0 0 0 0 0 0 0 0 0
POSE69 0 0 0 0 0 0 0 0 0 0 0 0 0 0 0 0
POSE70 0 0 0 0 0 0 0 0 0 0 0 0 0 0 0 0
POSE71 0 0 0 0 0 0 0 0 0 0 0 0 0 0 0 0
POSE72 0 0 0 0 0 0 0 0 0 0 0 0 0 0 0 0
POSE73 0 0 0 0 0 0 0 0 0 0 0 0 0 0 0 0
POSE74 0 0 0 0 0 0 0 0 0 0 0 0 0 0 0 0
POSE75 0 0 0 0 0 0 0 0 0 0 0 0 0 0 0 0
POSE76 0 0 0 0 0 0 0 0 0 0 0 0 0 0 0 0
POSE77 0 0 0 0 0 0 0 0 0 0 0 0 0 0 0 0
POSE78 0 0 0 0 0 0 0 0 0 0 0 0 0 0 0 0
POSE79 0 0 0 0 0 0 0 0 0 0 0 0 0 0 0 0
POSE80 0 0 0 0 0 0 0 0 0 0 0 0 0 0 0 0
POSE81 0 0 0 0 0 0 0 0 0 0 0 0 0 0 0 0
POSE82 0 0 0 0 0 0 0 0 0 0 0 0 0 0 0 0
POSE83 0 0 0 0 0 0 0 0 0 0 0 0 0 0 0 0
POSE84 0 0 0 0 0 0 0 0 0 0 0 0 0 0 0 0
POSE85 0 0 0 0 0 0 0 0 0 0 0 0 0 0 0 0
POSE86 0 0 0 0 0 0 0 0 0 0 0 0 0 0 0 0
POSE87 0 0 0 0 0 0 0 0 0 0 0 0 0 0 0 0
POSE88 0 0 0 0 0 0 0 0 0 0 0 0 0 0 0 0
POSE89 0 0 0 0 0 0 0 0 0 0 0 0 0 0 0 0
POSE90 0 0 0 0 0 0 0 0 0 0 0 0 0 0 0 0
POSE91 0 0 0 0 0 0 0 0 0 0 0 0 0 0 0 0
POSE92 0 0 0 0 0 0 0 0 0 0 0 0 0 0 0 0
POSE93 0 0 0 0 0 0 0 0 0 0 0 0 0 0 0 0
POSE94 0 0 0 0 0 0 0 0 0 0 0 0 0 0 0 0
POSE95 0 0 0 0 0 0 0 0 0 0 0 0 0 0 0 0
POSE96 0 0 0 0 0 0 0 0 0 0 0 0 0 0 0 0
POSE97 0 0 0 0 0 0 0 0 0 0 0 0 0 0 0 0
POSE98 0 0 0 0 0 0 0 0 0 0 0 0 0 0 0 0
POSE99 0 0 0 0 0 0 0 0 0 0 0 0 0 0 0 0
